function [coeffs labels] = ineqcoefficients

    labels = {'constant' '<A>' '<B>' '<C>' '<AB>' '<AC>' '<BC>' '<ABC>' ...
              '<A><B>' '<A><C>' '<B><C>' '<C><AB>' '<B><AC>' '<A><BC>' ...
              '<A><B><C>'};

    coeffs = [1 0 0 0 1 1 0 0 0 0 1 0 0 0 0
              2 0 0 0 0 -2 0 0 0 0 0 -1 0 0 1
              3 1 -1 1 1 3 0 0 0 0 1 -1 -1 0 1
              3 1 -1 1 1 3 0 0 0 0 1 1 -1 0 -1
              3 0 1 0 1 0 -2 0 -1 1 0 1 -1 0 1
              3 0 1 0 0 -2 -2 0 0 1 0 -1 -1 0 1
              3 0 1 0 1 0 -2 0 1 -1 0 1 1 0 -1
              3 1 1 1 2 2 2 -1 1 1 1 1 1 1 -1
              3 1 1 1 0 2 -2 1 -1 1 1 1 1 -1 -1
              4 0 0 2 -2 -2 0 -1 2 0 2 1 1 1 0
              4 0 -2 0 -2 0 -3 1 0 0 1 1 -1 0 1
              4 0 -2 0 -2 -2 -3 1 0 2 1 1 1 0 -1
              4 0 0 0 2 -2 1 1 -2 -2 -1 -1 1 0 -1
              4 0 0 0 2 -2 1 1 -2 2 -1 1 1 0 1
              4 0 0 0 0 -2 3 1 0 2 1 -1 -1 0 1
              4 0 -2 0 -2 -2 -2 1 0 2 0 1 1 -1 0
              4 0 0 0 -2 -2 -2 1 2 2 2 1 1 1 0
              5 1 1 1 3 1 -4 0 -2 0 1 1 -1 0 1
              5 1 1 1 3 -1 -4 0 2 -2 1 1 1 0 -1
              5 1 -1 1 1 2 -2 -2 -2 -1 1 1 -2 -2 0
              5 1 1 1 1 2 -2 -1 0 -1 -1 2 1 1 -2
              5 -1 1 1 1 1 -1 1 -2 -2 2 -2 -2 -2 0
              5 1 1 1 2 1 -1 1 -1 0 2 -1 -2 -2 1
              5 1 1 1 -1 2 2 1 -2 -1 -1 2 1 -1 -2
              6 0 0 0 -4 -3 0 0 2 1 2 -2 -1 -2 1
              6 -2 0 2 -5 -3 0 0 1 1 0 -1 1 -2 2
              6 0 0 2 -4 3 0 0 2 1 0 -2 1 -2 1
              6 0 0 0 1 -3 2 0 1 1 -4 1 -1 -2 -2
              6 0 2 0 3 0 -5 0 1 -2 1 1 2 1 -2
              6 0 2 0 2 -2 1 0 -2 4 -1 2 2 1 1
              6 0 0 0 -2 -3 -2 -2 0 1 4 -2 -1 0 1
              7 1 1 1 2 1 -3 3 1 -2 2 3 2 -2 -1
              8 0 0 0 -2 -4 -2 -3 2 4 -2 -1 1 -3 2
              8 2 0 -2 -6 1 0 1 0 -1 2 1 2 -3 3
              8 2 0 0 6 1 -2 1 0 1 2 -1 -2 -3 3
              8 0 -2 -2 0 -6 1 1 2 0 -1 3 1 -2 -3
              8 0 2 0 1 2 -6 1 1 -2 0 2 3 -1 -3];

end